0 0.9411057692307693 0.8569711538461539 0.04567307692307692 0.036057692307692304
0 0.41947115384615385 0.8365384615384616 0.14182692307692307 0.10096153846153846
0 0.8100961538461539 0.8521634615384616 0.19230769230769232 0.1466346153846154
0 0.6021634615384616 0.8365384615384616 0.1466346153846154 0.11538461538461539
0 0.9543269230769231 0.7932692307692307 0.04326923076923077 0.03365384615384615
0 0.3942307692307692 0.7824519230769231 0.038461538461538464 0.03125
0 0.2439903846153846 0.8233173076923077 0.14182692307692307 0.11298076923076923
0 0.07091346153846154 0.8221153846153846 0.14182692307692307 0.11057692307692307
0 0.8545673076923077 0.6935096153846154 0.17067307692307693 0.13221153846153846
0 0.5516826923076923 0.6033653846153846 0.14182692307692307 0.11538461538461539
0 0.35697115384615385 0.5949519230769231 0.14182692307692307 0.11778846153846154
0 0.19230769230769232 0.59375 0.13942307692307693 0.1201923076923077
0 0.042067307692307696 0.5913461538461539 0.08413461538461539 0.11538461538461539
0 0.8185096153846154 0.5504807692307693 0.1466346153846154 0.11538461538461539
0 0.9555288461538461 0.5012019230769231 0.021634615384615384 0.026442307692307692
0 0.9290865384615384 0.4362980769230769 0.03125 0.03125
0 0.8100961538461539 0.4098557692307692 0.14423076923076922 0.12259615384615384
0 0.9230769230769231 0.35697115384615385 0.038461538461538464 0.036057692307692304
0 0.5276442307692307 0.36778846153846156 0.14182692307692307 0.10576923076923077
0 0.3485576923076923 0.3473557692307692 0.14423076923076922 0.11778846153846154
0 0.019230769230769232 0.34134615384615385 0.038461538461538464 0.11538461538461539
0 0.8257211538461539 0.23918269230769232 0.1658653846153846 0.13221153846153846
0 0.5192307692307693 0.16105769230769232 0.04326923076923077 0.03365384615384615
0 0.328125 0.12259615384615384 0.14182692307692307 0.09615384615384616
0 0.05048076923076923 0.11538461538461539 0.10096153846153846 0.11057692307692307
0 0.47716346153846156 0.11057692307692307 0.12740384615384615 0.1201923076923077
0 0.6911057692307693 0.11298076923076923 0.18990384615384615 0.16346153846153846
0 0.001201923076923077 0.021634615384615384 0.002403846153846154 0.03365384615384615
