0 0.08173076923076923 0.9735576923076923 0.11538461538461539 0.052884615384615384
0 0.46634615384615385 0.9699519230769231 0.15384615384615385 0.06009615384615385
0 0.007211538461538462 0.8954326923076923 0.014423076923076924 0.021634615384615384
0 0.16706730769230768 0.9290865384615384 0.12740384615384615 0.09375
0 0.8149038461538461 0.9170673076923077 0.14423076923076922 0.09375
0 0.7584134615384616 0.859375 0.026442307692307692 0.021634615384615384
0 0.14182692307692307 0.8377403846153846 0.028846153846153848 0.021634615384615384
0 0.7379807692307693 0.8197115384615384 0.03365384615384615 0.02403846153846154
0 0.036057692307692304 0.8401442307692307 0.07211538461538461 0.09375
0 0.8762019230769231 0.84375 0.13221153846153846 0.11057692307692307
0 0.2403846153846154 0.8485576923076923 0.11057692307692307 0.1201923076923077
0 0.8629807692307693 0.7752403846153846 0.028846153846153848 0.021634615384615384
0 0.6526442307692307 0.828125 0.15625 0.15625
0 0.07091346153846154 0.7800480769230769 0.14182692307692307 0.09375
0 0.3125 0.7572115384615384 0.15865384615384615 0.10096153846153846
0 0.9567307692307693 0.7439903846153846 0.08653846153846154 0.0889423076923077
0 0.3317307692307692 0.6971153846153846 0.02403846153846154 0.019230769230769232
0 0.7163461538461539 0.7271634615384616 0.13942307692307693 0.10336538461538461
0 0.9555288461538461 0.6814903846153846 0.036057692307692304 0.026442307692307692
0 0.12139423076923077 0.7115384615384616 0.11778846153846154 0.10096153846153846
0 0.8978365384615384 0.6526442307692307 0.03125 0.021634615384615384
0 0.16947115384615385 0.6670673076923077 0.1466346153846154 0.0889423076923077
0 0.3954326923076923 0.6730769230769231 0.12740384615384615 0.11057692307692307
0 0.9795673076923077 0.6430288461538461 0.040865384615384616 0.06490384615384616
0 0.8076923076923077 0.6430288461538461 0.13942307692307693 0.11298076923076923
0 0.9735576923076923 0.5685096153846154 0.028846153846153848 0.021634615384615384
0 0.2247596153846154 0.5925480769230769 0.12740384615384615 0.09375
0 0.002403846153846154 0.5444711538461539 0.004807692307692308 0.007211538461538462
0 0.875 0.5685096153846154 0.15384615384615385 0.0985576923076923
0 0.5 0.5697115384615384 0.13942307692307693 0.125
0 0.27283653846153844 0.546875 0.12259615384615384 0.07932692307692307
0 0.02403846153846154 0.49399038461538464 0.04807692307692308 0.07451923076923077
0 0.5600961538461539 0.4963942307692308 0.1201923076923077 0.11298076923076923
0 0.35336538461538464 0.49158653846153844 0.15384615384615385 0.11298076923076923
0 0.9362980769230769 0.47475961538461536 0.12740384615384615 0.11298076923076923
0 0.3918269230769231 0.42908653846153844 0.15865384615384615 0.10336538461538461
0 0.6466346153846154 0.4110576923076923 0.14423076923076922 0.08653846153846154
0 0.039663461538461536 0.4110576923076923 0.07932692307692307 0.09134615384615384
0 0.5709134615384616 0.36899038461538464 0.03125 0.026442307692307692
0 0.9699519230769231 0.38100961538461536 0.06009615384615385 0.07451923076923077
0 0.44350961538461536 0.3641826923076923 0.13221153846153846 0.0985576923076923
0 0.078125 0.36778846153846156 0.13221153846153846 0.10576923076923077
0 0.6237980769230769 0.30528846153846156 0.03125 0.02403846153846154
0 0.7175480769230769 0.3269230769230769 0.12259615384615384 0.11057692307692307
0 0.49038461538461536 0.31971153846153844 0.1346153846153846 0.10096153846153846
0 0.13822115384615385 0.3016826923076923 0.15625 0.09375
0 0.028846153846153848 0.2668269230769231 0.057692307692307696 0.08653846153846154
0 0.002403846153846154 0.21634615384615385 0.004807692307692308 0.009615384615384616
0 0.18389423076923078 0.25600961538461536 0.14182692307692307 0.10817307692307693
0 0.5480769230769231 0.2439903846153846 0.12980769230769232 0.0985576923076923
0 0.7884615384615384 0.2439903846153846 0.1201923076923077 0.10817307692307693
0 0.5901442307692307 0.1935096153846154 0.13701923076923078 0.0889423076923077
0 0.22956730769230768 0.18870192307692307 0.17067307692307693 0.10817307692307693
0 0.29086538461538464 0.14182692307692307 0.13942307692307693 0.10576923076923077
0 0.8185096153846154 0.140625 0.13221153846153846 0.10817307692307693
0 0.6237980769230769 0.12259615384615384 0.11298076923076923 0.08653846153846154
0 0.9471153846153846 0.08173076923076923 0.10576923076923077 0.10576923076923077
0 0.3389423076923077 0.0733173076923077 0.14423076923076922 0.0985576923076923
0 0.6646634615384616 0.026442307692307692 0.13221153846153846 0.052884615384615384
0 0.38341346153846156 0.036057692307692304 0.13701923076923078 0.07211538461538461
