0 0.8894230769230769 0.9987980769230769 0.004807692307692308 0.002403846153846154
0 0.3088942307692308 0.9987980769230769 0.007211538461538462 0.002403846153846154
0 0.9975961538461539 0.9939903846153846 0.004807692307692308 0.007211538461538462
0 0.8100961538461539 0.984375 0.019230769230769232 0.016826923076923076
0 0.22956730769230768 0.9735576923076923 0.12259615384615384 0.052884615384615384
0 0.7331730769230769 0.9591346153846154 0.10096153846153846 0.08173076923076923
0 0.9519230769230769 0.9423076923076923 0.09615384615384616 0.08173076923076923
0 0.6165865384615384 0.9302884615384616 0.11298076923076923 0.09615384615384616
0 0.8545673076923077 0.90625 0.15625 0.1201923076923077
0 0.5408653846153846 0.8653846153846154 0.11057692307692307 0.07692307692307693
0 0.6201923076923077 0.8329326923076923 0.038461538461538464 0.03125
0 0.40865384615384615 0.8449519230769231 0.11057692307692307 0.08413461538461539
0 0.7692307692307693 0.8425480769230769 0.125 0.0985576923076923
0 0.6790865384615384 0.7740384615384616 0.09375 0.09615384615384616
0 0.9975961538461539 0.7139423076923077 0.004807692307692308 0.009615384615384616
0 0.3942307692307692 0.7391826923076923 0.08653846153846154 0.07451923076923077
0 0.052884615384615384 0.7271634615384616 0.10576923076923077 0.07932692307692307
0 0.4050480769230769 0.6502403846153846 0.12740384615384615 0.07451923076923077
0 0.640625 0.6454326923076923 0.0889423076923077 0.07932692307692307
0 0.5276442307692307 0.6526442307692307 0.09375 0.0985576923076923
0 0.9819711538461539 0.6153846153846154 0.036057692307692304 0.0625
0 0.9014423076923077 0.6237980769230769 0.0625 0.07932692307692307
0 0.0625 0.5865384615384616 0.08173076923076923 0.07692307692307693
0 0.5396634615384616 0.36177884615384615 0.21394230769230768 0.07451923076923077
0 0.027644230769230768 0.30528846153846156 0.016826923076923076 0.02403846153846154
0 0.003605769230769231 0.30288461538461536 0.007211538461538462 0.028846153846153848
0 0.07211538461538461 0.3016826923076923 0.08173076923076923 0.0985576923076923
0 0.04927884615384615 0.20432692307692307 0.026442307692307692 0.019230769230769232
0 0.4951923076923077 0.27283653846153844 0.30288461538461536 0.24278846153846154
0 0.06009615384615385 0.12980769230769232 0.08173076923076923 0.07692307692307693
0 0.007211538461538462 0.1346153846153846 0.014423076923076924 0.09615384615384616
0 0.6153846153846154 0.002403846153846154 0.019230769230769232 0.004807692307692308
