0 0.5504807692307693 0.9903846153846154 0.11057692307692307 0.019230769230769232
0 0.001201923076923077 0.9867788461538461 0.002403846153846154 0.01201923076923077
0 0.9903846153846154 0.9879807692307693 0.019230769230769232 0.02403846153846154
0 0.921875 0.9867788461538461 0.06009615384615385 0.026442307692307692
0 0.8245192307692307 0.9831730769230769 0.08173076923076923 0.03365384615384615
0 0.5733173076923077 0.9338942307692307 0.14182692307692307 0.06971153846153846
0 0.578125 0.8545673076923077 0.13701923076923078 0.06971153846153846
0 0.9891826923076923 0.8581730769230769 0.021634615384615384 0.08653846153846154
0 0.05048076923076923 0.8329326923076923 0.057692307692307696 0.040865384615384616
0 0.9338942307692307 0.8521634615384616 0.09375 0.10336538461538461
0 0.001201923076923077 0.8040865384615384 0.002403846153846154 0.01201923076923077
0 0.8425480769230769 0.8473557692307693 0.07932692307692307 0.12259615384615384
0 0.5829326923076923 0.7800480769230769 0.12740384615384615 0.06009615384615385
0 0.3605769230769231 0.6538461538461539 0.11538461538461539 0.08173076923076923
0 0.9795673076923077 0.625 0.040865384615384616 0.07692307692307693
0 0.09615384615384616 0.6189903846153846 0.1346153846153846 0.06971153846153846
0 0.9158653846153846 0.6141826923076923 0.11057692307692307 0.10817307692307693
0 0.8221153846153846 0.6021634615384616 0.11057692307692307 0.10817307692307693
0 0.3329326923076923 0.5661057692307693 0.15144230769230768 0.08413461538461539
0 0.625 0.5709134615384616 0.14423076923076922 0.10817307692307693
0 0.11298076923076923 0.5384615384615384 0.125 0.07211538461538461
0 0.9975961538461539 0.47475961538461536 0.004807692307692308 0.01201923076923077
0 0.6887019230769231 0.5108173076923077 0.13221153846153846 0.09375
0 0.3713942307692308 0.4807692307692308 0.11298076923076923 0.09615384615384616
0 0.14302884615384615 0.45913461538461536 0.11778846153846154 0.07211538461538461
0 0.7403846153846154 0.42788461538461536 0.14903846153846154 0.08653846153846154
0 0.9471153846153846 0.43149038461538464 0.10576923076923077 0.12259615384615384
0 0.42427884615384615 0.40625 0.13221153846153846 0.11057692307692307
0 0.17307692307692307 0.36778846153846156 0.1201923076923077 0.09134615384615384
0 0.8040865384615384 0.3641826923076923 0.14182692307692307 0.0889423076923077
0 0.4879807692307692 0.328125 0.14903846153846154 0.10817307692307693
0 0.2403846153846154 0.3112980769230769 0.13942307692307693 0.0985576923076923
0 0.008413461538461538 0.2668269230769231 0.016826923076923076 0.028846153846153848
0 0.5480769230769231 0.2764423076923077 0.13942307692307693 0.09134615384615384
0 0.29447115384615385 0.24759615384615385 0.13221153846153846 0.08653846153846154
0 0.3473557692307692 0.18870192307692307 0.13221153846153846 0.0889423076923077
0 0.9723557692307693 0.19110576923076922 0.055288461538461536 0.10817307692307693
0 0.9050480769230769 0.16706730769230768 0.12259615384615384 0.10817307692307693
0 0.8233173076923077 0.12980769230769232 0.10336538461538461 0.1201923076923077
0 0.7391826923076923 0.10336538461538461 0.11298076923076923 0.125
0 0.6550480769230769 0.06610576923076923 0.13221153846153846 0.11778846153846154
0 0.12379807692307693 0.046875 0.12259615384615384 0.0889423076923077
0 0.5721153846153846 0.04807692307692308 0.10576923076923077 0.09615384615384616
0 0.4855769230769231 0.03485576923076923 0.1201923076923077 0.06971153846153846
0 0.38822115384615385 0.007211538461538462 0.07451923076923077 0.014423076923076924
0 0.19110576923076922 0.015625 0.07451923076923077 0.03125
