0 0.08533653846153846 0.9747596153846154 0.12259615384615384 0.05048076923076923
0 0.2920673076923077 0.9711538461538461 0.11778846153846154 0.057692307692307696
0 0.07451923076923077 0.8978365384615384 0.09615384615384616 0.06490384615384616
0 0.5528846153846154 0.8545673076923077 0.09615384615384616 0.07451923076923077
0 0.9651442307692307 0.8569711538461539 0.06971153846153846 0.0889423076923077
0 0.765625 0.8581730769230769 0.09375 0.09615384615384616
0 0.8653846153846154 0.8545673076923077 0.08653846153846154 0.10817307692307693
0 0.6574519230769231 0.8533653846153846 0.0889423076923077 0.10576923076923077
0 0.43990384615384615 0.8401442307692307 0.09134615384615384 0.07932692307692307
0 0.2860576923076923 0.8545673076923077 0.12980769230769232 0.12259615384615384
0 0.7980769230769231 0.7824519230769231 0.014423076923076924 0.021634615384615384
0 0.08653846153846154 0.8100961538461539 0.125 0.07692307692307693
0 0.27403846153846156 0.765625 0.014423076923076924 0.01201923076923077
0 0.07211538461538461 0.7199519230769231 0.09615384615384616 0.06490384615384616
0 0.44350961538461536 0.7043269230769231 0.0985576923076923 0.08173076923076923
0 0.2127403846153846 0.6658653846153846 0.021634615384615384 0.014423076923076924
0 0.27403846153846156 0.7019230769230769 0.16826923076923078 0.09615384615384616
0 0.546875 0.6875 0.0889423076923077 0.08173076923076923
0 0.6538461538461539 0.7007211538461539 0.09134615384615384 0.12740384615384615
0 0.8641826923076923 0.6850961538461539 0.0889423076923077 0.10576923076923077
0 0.9639423076923077 0.6682692307692307 0.07211538461538461 0.07692307692307693
0 0.7608173076923077 0.6694711538461539 0.09375 0.07932692307692307
0 0.20552884615384615 0.6346153846153846 0.026442307692307692 0.02403846153846154
0 0.0889423076923077 0.6346153846153846 0.1346153846153846 0.07692307692307693
0 0.27884615384615385 0.5805288461538461 0.1346153846153846 0.08413461538461539
0 0.0829326923076923 0.546875 0.11778846153846154 0.06490384615384616
0 0.08413461538461539 0.45913461538461536 0.13942307692307693 0.07211538461538461
0 0.6538461538461539 0.46153846153846156 0.09134615384615384 0.08173076923076923
0 0.9639423076923077 0.4567307692307692 0.07211538461538461 0.08173076923076923
0 0.5480769230769231 0.4519230769230769 0.09134615384615384 0.07692307692307693
0 0.8665865384615384 0.44591346153846156 0.0889423076923077 0.10336538461538461
0 0.7632211538461539 0.4483173076923077 0.0889423076923077 0.10817307692307693
0 0.2920673076923077 0.4423076923076923 0.12740384615384615 0.1201923076923077
0 0.43990384615384615 0.41586538461538464 0.10576923076923077 0.1201923076923077
0 0.08774038461538461 0.3701923076923077 0.13221153846153846 0.07692307692307693
0 0.42427884615384615 0.2512019230769231 0.026442307692307692 0.021634615384615384
0 0.046875 0.2548076923076923 0.07932692307692307 0.07692307692307693
0 0.13942307692307693 0.2548076923076923 0.11057692307692307 0.11057692307692307
0 0.25841346153846156 0.24879807692307693 0.10336538461538461 0.11778846153846154
0 0.3605769230769231 0.23798076923076922 0.1201923076923077 0.1201923076923077
0 0.9891826923076923 0.18389423076923078 0.021634615384615384 0.026442307692307692
0 0.9975961538461539 0.15985576923076922 0.004807692307692308 0.01201923076923077
0 0.45552884615384615 0.18870192307692307 0.11298076923076923 0.10817307692307693
0 0.9591346153846154 0.12379807692307693 0.08173076923076923 0.11298076923076923
0 0.7283653846153846 0.038461538461538464 0.11538461538461539 0.07692307692307693
0 0.6358173076923077 0.009615384615384616 0.05048076923076923 0.019230769230769232
0 0.23076923076923078 0.03365384615384615 0.11057692307692307 0.0673076923076923
0 0.1045673076923077 0.028846153846153848 0.07451923076923077 0.057692307692307696
0 0.027644230769230768 0.028846153846153848 0.055288461538461536 0.057692307692307696
