0 0.7403846153846154 0.7884615384615384 0.14903846153846154 0.0673076923076923
0 0.5576923076923077 0.7776442307692307 0.07211538461538461 0.06490384615384616
0 0.003605769230769231 0.7740384615384616 0.007211538461538462 0.057692307692307696
0 0.33533653846153844 0.7764423076923077 0.16105769230769232 0.07211538461538461
0 0.9302884615384616 0.7692307692307693 0.13942307692307693 0.10096153846153846
0 0.14423076923076922 0.7596153846153846 0.17307692307692307 0.09134615384615384
0 0.7475961538461539 0.7115384615384616 0.038461538461538464 0.04326923076923077
0 0.24639423076923078 0.6418269230769231 0.016826923076923076 0.009615384615384616
0 0.32091346153846156 0.6370192307692307 0.03125 0.014423076923076924
0 0.5576923076923077 0.6370192307692307 0.04326923076923077 0.019230769230769232
0 0.46153846153846156 0.6502403846153846 0.038461538461538464 0.055288461538461536
0 0.8581730769230769 0.6165865384615384 0.028846153846153848 0.026442307692307692
0 0.5973557692307693 0.6141826923076923 0.036057692307692304 0.021634615384615384
0 0.96875 0.6177884615384616 0.0625 0.038461538461538464
0 0.28846153846153844 0.6081730769230769 0.07692307692307693 0.03365384615384615
0 0.19110576923076922 0.6105769230769231 0.07932692307692307 0.04807692307692308
0 0.7560096153846154 0.5661057692307693 0.01201923076923077 0.016826923076923076
0 0.7151442307692307 0.5625 0.016826923076923076 0.02403846153846154
0 0.9471153846153846 0.5576923076923077 0.10576923076923077 0.04326923076923077
0 0.4831730769230769 0.5492788461538461 0.04807692307692308 0.04567307692307692
0 0.7163461538461539 0.5276442307692307 0.019230769230769232 0.016826923076923076
0 0.6514423076923077 0.5168269230769231 0.019230769230769232 0.014423076923076924
0 0.47475961538461536 0.5060096153846154 0.021634615384615384 0.026442307692307692
0 0.9483173076923077 0.4266826923076923 0.10336538461538461 0.0889423076923077
0 0.7427884615384616 0.4014423076923077 0.14423076923076922 0.08173076923076923
0 0.5528846153846154 0.4206730769230769 0.15865384615384615 0.1201923076923077
0 0.13221153846153846 0.4110576923076923 0.16826923076923078 0.10576923076923077
0 0.34975961538461536 0.3870192307692308 0.14182692307692307 0.0625
0 0.26802884615384615 0.3449519230769231 0.016826923076923076 0.026442307692307692
0 0.4074519230769231 0.30649038461538464 0.016826923076923076 0.03125
0 0.4110576923076923 0.07091346153846154 0.16826923076923078 0.06490384615384616
0 0.6298076923076923 0.0829326923076923 0.15384615384615385 0.09375
0 0.20552884615384615 0.07091346153846154 0.17548076923076922 0.07451923076923077
0 0.5084134615384616 0.039663461538461536 0.01201923076923077 0.016826923076923076
0 0.5709134615384616 0.018028846153846152 0.016826923076923076 0.01201923076923077
0 0.7199519230769231 0.018028846153846152 0.016826923076923076 0.021634615384615384
0 0.03365384615384615 0.04927884615384615 0.0673076923076923 0.09375
0 0.8497596153846154 0.055288461538461536 0.14182692307692307 0.11057692307692307
