0 0.6045673076923077 0.9963942307692307 0.016826923076923076 0.007211538461538462
0 0.9158653846153846 0.9855769230769231 0.10096153846153846 0.028846153846153848
0 0.20072115384615385 0.9855769230769231 0.07932692307692307 0.028846153846153848
0 0.5528846153846154 0.984375 0.07692307692307693 0.03125
0 0.43990384615384615 0.984375 0.10576923076923077 0.03125
0 0.010817307692307692 0.984375 0.021634615384615384 0.03125
0 0.6105769230769231 0.9735576923076923 0.014423076923076924 0.014423076923076924
0 0.3269230769230769 0.9819711538461539 0.09615384615384616 0.036057692307692304
0 0.09014423076923077 0.9819711538461539 0.0985576923076923 0.036057692307692304
0 0.7920673076923077 0.9771634615384616 0.10336538461538461 0.04567307692307692
0 0.6838942307692307 0.9747596153846154 0.10817307692307693 0.05048076923076923
0 0.42908653846153844 0.9266826923076923 0.07932692307692307 0.021634615384615384
0 0.28966346153846156 0.9038461538461539 0.016826923076923076 0.009615384615384616
0 0.9927884615384616 0.9002403846153846 0.014423076923076924 0.01201923076923077
0 0.1658653846153846 0.9014423076923077 0.014423076923076924 0.014423076923076924
0 0.47716346153846156 0.8978365384615384 0.016826923076923076 0.01201923076923077
0 0.5300480769230769 0.8978365384615384 0.03125 0.016826923076923076
0 0.14783653846153846 0.8762019230769231 0.026442307692307692 0.01201923076923077
0 0.9939903846153846 0.8197115384615384 0.01201923076923077 0.03365384615384615
0 0.7896634615384616 0.8377403846153846 0.08413461538461539 0.07451923076923077
0 0.578125 0.8305288461538461 0.07451923076923077 0.06971153846153846
0 0.3389423076923077 0.8257211538461539 0.10576923076923077 0.06009615384615385
0 0.9254807692307693 0.8161057692307693 0.10096153846153846 0.04567307692307692
0 0.6875 0.8233173076923077 0.09615384615384616 0.06009615384615385
0 0.45072115384615385 0.8317307692307693 0.11298076923076923 0.07692307692307693
0 0.21514423076923078 0.8185096153846154 0.09375 0.06009615384615385
0 0.09615384615384616 0.8197115384615384 0.10096153846153846 0.0625
0 0.004807692307692308 0.8269230769230769 0.009615384615384616 0.07692307692307693
0 0.6995192307692307 0.6189903846153846 0.07692307692307693 0.05048076923076923
0 0.22596153846153846 0.6141826923076923 0.07211538461538461 0.04567307692307692
0 0.45552884615384615 0.6105769230769231 0.09375 0.057692307692307696
0 0.9254807692307693 0.6069711538461539 0.09134615384615384 0.055288461538461536
0 0.015625 0.6045673076923077 0.03125 0.06009615384615385
0 0.3401442307692308 0.6033653846153846 0.0985576923076923 0.0625
0 0.8100961538461539 0.6021634615384616 0.10096153846153846 0.06490384615384616
0 0.08653846153846154 0.5997596153846154 0.08173076923076923 0.06009615384615385
0 0.765625 0.5733173076923077 0.01201923076923077 0.01201923076923077
0 0.578125 0.5961538461538461 0.0985576923076923 0.07692307692307693
0 0.5276442307692307 0.5552884615384616 0.016826923076923076 0.028846153846153848
0 0.20432692307692307 0.5348557692307693 0.028846153846153848 0.01201923076923077
0 0.5276442307692307 0.5252403846153846 0.016826923076923076 0.01201923076923077
0 0.06490384615384616 0.5324519230769231 0.02403846153846154 0.03125
0 0.13341346153846154 0.5228365384615384 0.040865384615384616 0.016826923076923076
0 0.9579326923076923 0.5084134615384616 0.021634615384615384 0.021634615384615384
0 0.9903846153846154 0.4699519230769231 0.019230769230769232 0.055288461538461536
0 0.9122596153846154 0.43509615384615385 0.09375 0.0625
0 0.421875 0.43149038461538464 0.09375 0.055288461538461536
0 0.5444711538461539 0.4387019230769231 0.09375 0.07451923076923077
0 0.17668269230769232 0.4519230769230769 0.09375 0.10096153846153846
0 0.796875 0.4483173076923077 0.11298076923076923 0.0985576923076923
0 0.2920673076923077 0.4375 0.11298076923076923 0.07692307692307693
0 0.052884615384615384 0.4170673076923077 0.09615384615384616 0.040865384615384616
0 0.6610576923076923 0.43028846153846156 0.11057692307692307 0.07211538461538461
0 0.10096153846153846 0.15504807692307693 0.09134615384615384 0.06009615384615385
0 0.3389423076923077 0.15384615384615385 0.10096153846153846 0.08173076923076923
0 0.7007211538461539 0.14783653846153846 0.0985576923076923 0.07932692307692307
0 0.019230769230769232 0.14903846153846154 0.038461538461538464 0.08173076923076923
0 0.5721153846153846 0.1622596153846154 0.10576923076923077 0.11298076923076923
0 0.46033653846153844 0.14903846153846154 0.09375 0.08653846153846154
0 0.640625 0.10576923076923077 0.01201923076923077 0.014423076923076924
0 0.21754807692307693 0.15865384615384615 0.0889423076923077 0.125
0 0.9483173076923077 0.1502403846153846 0.10336538461538461 0.11778846153846154
0 0.9254807692307693 0.08052884615384616 0.019230769230769232 0.01201923076923077
0 0.5060096153846154 0.0829326923076923 0.016826923076923076 0.016826923076923076
0 0.7367788461538461 0.03365384615384615 0.04567307692307692 0.02403846153846154
0 0.9555288461538461 0.01201923076923077 0.0889423076923077 0.02403846153846154
0 0.7007211538461539 0.018028846153846152 0.0985576923076923 0.036057692307692304
0 0.46033653846153844 0.018028846153846152 0.09375 0.036057692307692304
0 0.33774038461538464 0.003605769230769231 0.10336538461538461 0.007211538461538462
0 0.0985576923076923 0.018028846153846152 0.09134615384615384 0.036057692307692304
0 0.018028846153846152 0.006009615384615385 0.036057692307692304 0.01201923076923077
