0 0.9627403846153846 0.96875 0.07451923076923077 0.04807692307692308
0 0.9627403846153846 0.9050480769230769 0.07451923076923077 0.05048076923076923
0 0.9591346153846154 0.8425480769230769 0.08173076923076923 0.04567307692307692
0 0.7247596153846154 0.8365384615384616 0.06009615384615385 0.08653846153846154
0 0.6502403846153846 0.8377403846153846 0.055288461538461536 0.0889423076923077
0 0.5757211538461539 0.8365384615384616 0.06009615384615385 0.08653846153846154
0 0.5036057692307693 0.8389423076923077 0.06490384615384616 0.09134615384615384
0 0.34975961538461536 0.8389423076923077 0.055288461538461536 0.09134615384615384
0 0.27884615384615385 0.8365384615384616 0.057692307692307696 0.08653846153846154
0 0.203125 0.8365384615384616 0.06009615384615385 0.08653846153846154
0 0.43149038461538464 0.8341346153846154 0.06009615384615385 0.10096153846153846
0 0.13221153846153846 0.8353365384615384 0.057692307692307696 0.10336538461538461
0 0.003605769230769231 0.796875 0.007211538461538462 0.055288461538461536
0 0.057692307692307696 0.8149038461538461 0.057692307692307696 0.10096153846153846
0 0.9591346153846154 0.7860576923076923 0.08173076923076923 0.04807692307692308
0 0.2439903846153846 0.7163461538461539 0.021634615384615384 0.014423076923076924
0 0.9579326923076923 0.7307692307692307 0.08413461538461539 0.04807692307692308
0 0.001201923076923077 0.6983173076923077 0.002403846153846154 0.040865384615384616
0 0.9579326923076923 0.6694711538461539 0.08413461538461539 0.05048076923076923
0 0.7704326923076923 0.6358173076923077 0.016826923076923076 0.026442307692307692
0 0.057692307692307696 0.671875 0.057692307692307696 0.10336538461538461
0 0.6165865384615384 0.6538461538461539 0.06009615384615385 0.09615384615384616
0 0.4567307692307692 0.6586538461538461 0.057692307692307696 0.10576923076923077
0 0.2980769230769231 0.6634615384615384 0.057692307692307696 0.11538461538461539
0 0.21754807692307693 0.65625 0.06009615384615385 0.10096153846153846
0 0.13822115384615385 0.65625 0.06009615384615385 0.10096153846153846
0 0.5360576923076923 0.6550480769230769 0.057692307692307696 0.10817307692307693
0 0.37740384615384615 0.6442307692307693 0.0625 0.08653846153846154
0 0.6983173076923077 0.6430288461538461 0.06009615384615385 0.0889423076923077
0 0.9627403846153846 0.6081730769230769 0.07451923076923077 0.04807692307692308
0 0.9591346153846154 0.5336538461538461 0.08173076923076923 0.07211538461538461
0 0.9867788461538461 0.46634615384615385 0.026442307692307692 0.038461538461538464
0 0.11177884615384616 0.4230769230769231 0.06009615384615385 0.09134615384615384
0 0.8810096153846154 0.4254807692307692 0.07932692307692307 0.10096153846153846
0 0.5504807692307693 0.4206730769230769 0.0625 0.09134615384615384
0 0.3293269230769231 0.41947115384615385 0.057692307692307696 0.0889423076923077
0 0.1875 0.4170673076923077 0.0625 0.10336538461538461
0 0.7680288461538461 0.4074519230769231 0.06009615384615385 0.09375
0 0.2608173076923077 0.41346153846153844 0.06009615384615385 0.11057692307692307
0 0.03485576923076923 0.4026442307692308 0.055288461538461536 0.09375
0 0.6971153846153846 0.40865384615384615 0.057692307692307696 0.11057692307692307
0 0.625 0.4098557692307692 0.057692307692307696 0.11778846153846154
0 0.3293269230769231 0.359375 0.052884615384615384 0.016826923076923076
0 0.9735576923076923 0.3485576923076923 0.03365384615384615 0.02403846153846154
